var0x: 0.00012343668446145262
var0y: 5.590559583531375e-05
var0z: 0.00036947902179086157
ell0x: 31.65198938802464
ell0y: 31.651989388058517
ell0z: 31.651989385701487
var_optx: 0.00017258168083446245
var_opty: 4.234256148196241e-05
var_optz: 0.00018095756434302582
ell_optx: 1.5738249730931821
ell_opty: 7.738338778797351
ell_optz: 2.771638360131816
Nasc: 4105
Ndes: 3670
