var0x: 0.026466435723006457
var0y: 0.022299839248696354
var0z: 0.004372458858803157
ell0x: 2.4567066786537506
ell0y: 2.4567432811664083
ell0z: 2.456793564686414
var_optx: 0.021524836989470754
var_opty: 0.0013762565516795356
var_optz: [3.35319745 1.00642865 0.85963396]
ell_optx: 3.353197450573316
ell_opty: 1.0064286528196544
ell_optz: 0.8596339639142148
